[7.83663, -4.98118, 29.666]
[8.31625, -6.21953, 35.5531]
[10.249, -6.89732, 38.4864]
[13.1239, -8.92481, 48.5577]
[13.9057, -8.79687, 50.8186]
[14.0053, -8.72705, 50.955]
[14.982, -9.6589, 56.1953]
[16.4481, -10.5018, 62.7735]
[19.4978, -12.3933, 73.8099]
[19.4144, -12.0034, 73.4941]
[19.843, -12.3947, 75.466]
[23.125, -14.5414, 87.2383]
[24.3173, -15.1652, 91.3151]
[25.1533, -15.719, 94.1304]
[26.3151, -16.4375, 98.2533]
[29.1082, -18.0574, 108.931]
[30.5796, -19.1014, 113.143]
[29.7987, -18.9012, 110.755]
[33.1474, -21.2503, 125.192]
[35.3365, -22.2223, 130.449]
[34.2663, -21.9405, 127.65]
[37.5642, -23.5868, 139.459]
[36.7357, -23.2512, 137.475]
[38.2436, -24.1825, 142.466]
[41.8361, -26.9686, 157.462]
[40.6669, -25.8748, 150.807]
[41.1438, -26.3012, 152.748]
[44.1562, -27.9397, 164.305]
[46.223, -29.3192, 171.8]
[50.1224, -31.6578, 186.505]
[49.5865, -31.8547, 185.991]
[52.8528, -33.7981, 197.338]
[52.2419, -33.169, 195.057]
[51.4113, -32.3549, 191.301]
[58.3434, -37.3092, 217.839]
