126.792
118.439
125.381
122.014
132.424
138.21
119.411
125.499
139.059
119.039
126.792
120.873
114.968
124.783
125.447
119.877
113.874
128.915
122.732
124.783
123.588
131.178
125.683
115.856
133.359
123.077
119.524
115.949
110.734
116.387
134.653
134.686
123.941
114.847
115.13
125.499
111.888
126.63
120.908
113.513
121.69
122.991
145.171
111.944
123.263
126.562
115.13
115.64
123.814
136.003
141.028
129.777
125.081
121.978
122.487
120.037
116.219
128.49
116.387
126.63
122.317
121.714
107.966
114.577
117.052
112.112
106.086
100.088
98.6101
100.903
87.5956
135.869
86.8163
89.7524
82.6301
91.213
86.3294
80.9343
91.7416
93.244
82.645
84.123
77.6285
74.6337
80.6682
75.8786
83.0186
68.8278
65.0353
66.1347
69.3799
65.4465
69.2098
66.3237
56.5175
54.778
50.4548
50.8404
45.5812
43.2245
44.3438
41.209
37.8219
34.6763
29.9652
27.5879
21.997
